3388170
3388452
3389753
3389787
3391012
3391202
3392454
3392492
3392509
3392575
3392788
3393032
3393197
3393338
3393656
3393912
3395313
3395438
3396538
3396608
3396623
3396701
3396740
3396775
3396929
3397151
3397625
3397767
3397916
3398022
3398338
3398811
3398945
3399207
3399618
3404283
3404331
3404401
3404451
3404587
3406696
3408938
3409209
3410226
3410333
3411638
3411754
3413626
3413788
3413917
3414084
3414174
3414296
3414903
3415668
3415801
3415939
3416312
3416744
3416756
3416947
3416966
3417175
3417208
3417540
3417560
3417633
3417720
3417914
3418142
3418168
3418448
3418877
3418893
3418906
3419062
3419103
3420150
3420170
3420997
3421037
3422065
3423600
3424693
3425780
3425790
3427083
3427106
3427669
3429091
3429272
3430946
3431408
3431502
3433325
3434030
3434284
3434345
3434529
3436192
3436859
3437076
3437100
3438131
3438543
3439125
3439729
3440615
3442886
3445105
3448753
3449233
3449301
3449366
3450731
3450984
3454384
3454771
3461525
3470973
3472232
3473434
3473850
3474211
3475546
3476516
3479565
3480102
3480802
3480814
3480861
3481278
3481568
3481988
3482288
3484243
3484957
3487194
3491491
3492595
3492602
3493049
3497849
3499922
3500754
3502515
3502960
3504833
3505021
3505315
3505335
3505555
3505561
3505747
3508774
3509837
3512648
3515008
3515029
3515076
3515365
3515488
3515512
3517741
3518097
3518127
3518507
3518725
3524903
3527094
3528393
3529146
3532113
3532730
3534046
3535871
3536078
3536166
3538825
3538868
3539270
3539493
3539792
3539922
3542118
3542331
3547435
3551187
3551876
3552270
3552491
3552802
3553907
3555743
3555936
3556403
3558250
3558701
3558719
3559235
3561328
3561394
3561418
3561928
3562048
3562374
3562675
3563211
3563226
3563599
3563639
3563801
3563839
3563861
3564182
3564744
3564760
3564817
3564850
3565560
3572881
3573232
3573265
3573945
3574138
3574351
3574932
3575025
3575359
3575896
3576176
3576347
3576819
3578015
3578041
3578302
3580013
3580487
3580538
3580840
3580916
3581094
3581187
3582146
3582485
3583218
3584095
3584472
3584963
3585077
3585121
3585195
3585577
3586285
3589397
3589718
3590311
3593638
3594042
3594118
3594144
3594403
3594825
3595692
3598790
3598844
3598950
3598960
3599594
3600140
3600144
3600193
3600198
3600441
3600521
3600580
3600608
3601020
3601070
3601419
3601511
3601519
3603203
3603295
3603384
3603729
3604076
3604383
3604462
3604887
3605042
3605788
3606859
3606871
3606948
3607907
3610698
3612985
3615581
3615624
3616736
3619418
3619437
3620193
3620713
3621274
3621572
3622889
3622911
3623127
3625332
3626022
3626322
3627145
3627791
3627807
3629018
3629333
3631102
3631123
3632289
3632347
3633344
3633839
3635277
3636679
3636705
3643302
3646833
3647013
3647146
3648376
3649951
3651299
3653063
3653222
3653491
3657139
3658229
3659951
3664557
3664633
3669105
3669162
3669853
3669984
3670558
3672122
3680994
3681968
3682647
3683036
3683430
3683974
3684024
3684061
3684362
3685396
3685498
3686005
3686932
3686956
3687611
